"","1","2","3","4","5","6","7"
"1",0,0.0958878900760634,0.0932185661364132,0.571400978624775,0.531515580736544,0.585861157971799,0.561864040313115
"2",0.0958878900760634,0,0.0879588128407027,0.604151753758053,0.53458942632171,0.627399805361408,0.595990629675964
"3",0.0932185661364132,0.0879588128407027,0,0.598496503496503,0.54025641025641,0.610613656006914,0.601514497963096
"4",0.571400978624775,0.604151753758053,0.598496503496503,0,0.228896103896104,0.312563840653728,0.423605210988389
"5",0.531515580736544,0.53458942632171,0.54025641025641,0.228896103896104,0,0.438804173354735,0.437194036493102
"6",0.585861157971799,0.627399805361408,0.610613656006914,0.312563840653728,0.438804173354735,0,0.476110469389898
"7",0.561864040313115,0.595990629675964,0.601514497963096,0.423605210988389,0.437194036493102,0.476110469389898,0
